Month   Interest  Principle Outstanding
    1   23216.67    3783.33 2796216.67
    2   23185.30    3814.70 2792401.96
    3   23153.67    3846.33 2788555.63
    4   23121.77    3878.23 2784677.40
    5   23089.62    3910.38 2780767.02
    6   23057.19    3942.81 2776824.21
    7   23024.50    3975.50 2772848.71
    8   22991.54    4008.46 2768840.25
    9   22958.30    4041.70 2764798.55
   10   22924.79    4075.21 2760723.34
   11   22891.00    4109.00 2756614.34
   12   22856.93    4143.07 2752471.26
   13   22822.57    4177.43 2748293.84
   14   22787.94    4212.06 2744081.78
   15   22753.01    4246.99 2739834.79
   16   22717.80    4282.20 2735552.58
   17   22682.29    4317.71 2731234.87
   18   22646.49    4353.51 2726881.36
   19   22610.39    4389.61 2722491.75
   20   22573.99    4426.01 2718065.75
   21   22537.30    4462.70 2713603.04
   22   22500.29    4499.71 2709103.34
   23   22462.98    4537.02 2704566.32
   24   22425.36    4574.64 2699991.68
   25   22387.43    4612.57 2695379.11
   26   22349.19    4650.81 2690728.30
   27   22310.62    4689.38 2686038.92
   28   22271.74    4728.26 2681310.66
   29   22232.53    4767.47 2676543.19
   30   22193.00    4807.00 2671736.20
   31   22153.15    4846.85 2666889.34
   32   22112.96    4887.04 2662002.30
   33   22072.44    4927.56 2657074.73
   34   22031.58    4968.42 2652106.31
   35   21990.38    5009.62 2647096.69
   36   21948.84    5051.16 2642045.54
   37   21906.96    5093.04 2636952.50
   38   21864.73    5135.27 2631817.23
   39   21822.15    5177.85 2626639.38
   40   21779.22    5220.78 2621418.60
   41   21735.93    5264.07 2616154.53
   42   21692.28    5307.72 2610846.81
   43   21648.27    5351.73 2605495.08
   44   21603.90    5396.10 2600098.98
   45   21559.15    5440.85 2594658.13
   46   21514.04    5485.96 2589172.17
   47   21468.55    5531.45 2583640.72
   48   21422.69    5577.31 2578063.41
   49   21376.44    5623.56 2572439.85
   50   21329.81    5670.19 2566769.67
   51   21282.80    5717.20 2561052.47
   52   21235.39    5764.61 2555287.86
   53   21187.60    5812.40 2549475.46
   54   21139.40    5860.60 2543614.86
   55   21090.81    5909.19 2537705.66
   56   21041.81    5958.19 2531747.47
   57   20992.41    6007.59 2525739.88
   58   20942.59    6057.41 2519682.47
   59   20892.37    6107.63 2513574.84
   60   20841.72    6158.28 2507416.56
   61   20790.66    6209.34 2501207.23
   62   20739.18    6260.82 2494946.40
   63   20687.26    6312.74 2488633.67
   64   20634.92    6365.08 2482268.59
   65   20582.14    6417.86 2475850.73
   66   20528.93    6471.07 2469379.66
   67   20475.27    6524.73 2462854.93
   68   20421.17    6578.83 2456276.10
   69   20366.62    6633.38 2449642.73
   70   20311.62    6688.38 2442954.35
   71   20256.16    6743.84 2436210.51
   72   20200.25    6799.75 2429410.76
   73   20143.86    6856.14 2422554.62
   74   20087.02    6912.98 2415641.64
   75   20029.70    6970.30 2408671.33
   76   19971.90    7028.10 2401643.23
   77   19913.63    7086.37 2394556.86
   78   19854.87    7145.13 2387411.72
   79   19795.62    7204.38 2380207.35
   80   19735.89    7264.11 2372943.23
   81   19675.65    7324.35 2365618.89
   82   19614.92    7385.08 2358233.81
   83   19553.69    7446.31 2350787.50
   84   19491.95    7508.05 2343279.44
   85   19429.69    7570.31 2335709.14
   86   19366.92    7633.08 2328076.06
   87   19303.63    7696.37 2320379.69
   88   19239.81    7760.19 2312619.50
   89   19175.47    7824.53 2304794.97
   90   19110.59    7889.41 2296905.57
   91   19045.18    7954.82 2288950.74
   92   18979.22    8020.78 2280929.96
   93   18912.71    8087.29 2272842.67
   94   18845.65    8154.35 2264688.32
   95   18778.04    8221.96 2256466.36
   96   18709.87    8290.13 2248176.23
   97   18641.13    8358.87 2239817.36
   98   18571.82    8428.18 2231389.18
   99   18501.94    8498.06 2222891.11
  100   18431.47    8568.53 2214322.58
  101   18360.42    8639.58 2205683.01
  102   18288.79    8711.21 2196971.80
  103   18216.56    8783.44 2188188.35
  104   18143.73    8856.27 2179332.08
  105   18070.30    8929.70 2170402.38
  106   17996.25    9003.75 2161398.63
  107   17921.60    9078.40 2152320.23
  108   17846.32    9153.68 2143166.55
  109   17770.42    9229.58 2133936.97
  110   17693.89    9306.11 2124630.87
  111   17616.73    9383.27 2115247.60
  112   17538.93    9461.07 2105786.53
  113   17460.48    9539.52 2096247.01
  114   17381.38    9618.62 2086628.39
  115   17301.63    9698.37 2076930.01
  116   17221.21    9778.79 2067151.23
  117   17140.13    9859.87 2057291.35
  118   17058.37    9941.63 2047349.73
  119   16975.94   10024.06 2037325.67
  120   16892.83   10107.17 2027218.50
  121   16809.02   10190.98 2017027.52
  122   16724.52   10275.48 2006752.04
  123   16639.32   10360.68 1996391.35
  124   16553.41   10446.59 1985944.77
  125   16466.79   10533.21 1975411.56
  126   16379.45   10620.55 1964791.01
  127   16291.39   10708.61 1954082.40
  128   16202.60   10797.40 1943285.00
  129   16113.07   10886.93 1932398.08
  130   16022.80   10977.20 1921420.88
  131   15931.78   11068.22 1910352.66
  132   15840.01   11159.99 1899192.67
  133   15747.47   11252.53 1887940.14
  134   15654.17   11345.83 1876594.31
  135   15560.09   11439.91 1865154.40
  136   15465.24   11534.76 1853619.64
  137   15369.60   11630.40 1841989.24
  138   15273.16   11726.84 1830262.40
  139   15175.93   11824.07 1818438.32
  140   15077.88   11922.12 1806516.21
  141   14979.03   12020.97 1794495.24
  142   14879.36   12120.64 1782374.59
  143   14778.86   12221.14 1770153.45
  144   14677.52   12322.48 1757830.97
  145   14575.35   12424.65 1745406.32
  146   14472.33   12527.67 1732878.65
  147   14368.45   12631.55 1720247.10
  148   14263.72   12736.28 1707510.82
  149   14158.11   12841.89 1694668.93
  150   14051.63   12948.37 1681720.56
  151   13944.27   13055.73 1668664.82
  152   13836.01   13163.99 1655500.84
  153   13726.86   13273.14 1642227.70
  154   13616.80   13383.20 1628844.50
  155   13505.84   13494.16 1615350.34
  156   13393.95   13606.05 1601744.28
  157   13281.13   13718.87 1588025.41
  158   13167.38   13832.62 1574192.79
  159   13052.68   13947.32 1560245.47
  160   12937.04   14062.96 1546182.51
  161   12820.43   14179.57 1532002.94
  162   12702.86   14297.14 1517705.80
  163   12584.31   14415.69 1503290.11
  164   12464.78   14535.22 1488754.89
  165   12344.26   14655.74 1474099.15
  166   12222.74   14777.26 1459321.88
  167   12100.21   14899.79 1444422.10
  168   11976.67   15023.33 1429398.76
  169   11852.10   15147.90 1414250.86
  170   11726.50   15273.50 1398977.36
  171   11599.85   15400.15 1383577.21
  172   11472.16   15527.84 1368049.37
  173   11343.41   15656.59 1352392.78
  174   11213.59   15786.41 1336606.37
  175   11082.69   15917.31 1320689.07
  176   10950.71   16049.29 1304639.78
  177   10817.64   16182.36 1288457.42
  178   10683.46   16316.54 1272140.88
  179   10548.17   16451.83 1255689.05
  180   10411.75   16588.25 1239100.80
  181   10274.21   16725.79 1222375.01
  182   10135.53   16864.47 1205510.54
  183    9995.69   17004.31 1188506.23
  184    9854.70   17145.30 1171360.93
  185    9712.53   17287.47 1154073.46
  186    9569.19   17430.81 1136642.65
  187    9424.66   17575.34 1119067.31
  188    9278.93   17721.07 1101346.25
  189    9132.00   17868.00 1083478.24
  190    8983.84   18016.16 1065462.08
  191    8834.46   18165.54 1047296.54
  192    8683.83   18316.17 1028980.37
  193    8531.96   18468.04 1010512.34
  194    8378.83   18621.17  991891.17
  195    8224.43   18775.57  973115.60
  196    8068.75   18931.25  954184.35
  197    7911.78   19088.22  935096.13
  198    7753.51   19246.49  915849.63
  199    7593.92   19406.08  896443.55
  200    7433.01   19566.99  876876.56
  201    7270.77   19729.23  857147.33
  202    7107.18   19892.82  837254.51
  203    6942.24   20057.76  817196.75
  204    6775.92   20224.08  796972.67
  205    6608.23   20391.77  776580.90
  206    6439.15   20560.85  756020.05
  207    6268.67   20731.33  735288.72
  208    6096.77   20903.23  714385.49
  209    5923.45   21076.55  693308.93
  210    5748.69   21251.31  672057.62
  211    5572.48   21427.52  650630.10
  212    5394.81   21605.19  629024.91
  213    5215.66   21784.34  607240.57
  214    5035.04   21964.96  585275.61
  215    4852.91   22147.09  563128.52
  216    4669.27   22330.73  540797.79
  217    4484.12   22515.88  518281.91
  218    4297.42   22702.58  495579.33
  219    4109.18   22890.82  472688.51
  220    3919.38   23080.62  449607.88
  221    3728.00   23272.00  426335.88
  222    3535.04   23464.96  402870.92
  223    3340.47   23659.53  379211.39
  224    3144.29   23855.71  355355.68
  225    2946.49   24053.51  331302.17
  226    2747.05   24252.95  307049.22
  227    2545.95   24454.05  282595.17
  228    2343.18   24656.82  257938.35
  229    2138.74   24861.26  233077.09
  230    1932.60   25067.40  208009.69
  231    1724.75   25275.25  182734.44
  232    1515.17   25484.83  157249.61
  233    1303.86   25696.14  131553.47
  234    1090.80   25909.20  105644.27
  235     875.97   26124.03   79520.24
  236     659.36   26340.64   53179.59
  237     440.95   26559.05   26620.54
  238     220.73   26779.27    -158.73
